version 4

// File extracted from Models/Stanford VA upper limb model_0_40.osim

// Biomod not include all Osim features as the optimisation is performed on a third part software.
// The original file contained some of these features, corresponding warnings are shown in the end of the file.
// comment from line 700 (after humerus) to the end

gravity	0 -9.8066499999999994 0

// SEGMENT DEFINITION

// Information about thorax segment
	// Segment
	segment thorax_parent_offset
		parent ground
		RTinMatrix	0
		RT	0 0 0	xyz	0 0 0
	endsegment


    // Segment to cancel transformation bases effect.
	// Segment
	segment thorax_reset_axis
		parent thorax_parent_offset 
		RTinMatrix	1
		RT
			1.0		0.0		0.0		0
			0.0		1.0		0.0		0
			0.0		0.0		1.0		0
			0		0		0		1
	endsegment


    //True segment where are applied inertial values.
	// Segment
	segment thorax
		parent thorax_reset_axis 
		RTinMatrix	0
		RT	-0.0	 0.0	 -0.0	xyz	-0.0	 -0.0	 -0.0
		mass	0
		inertia
			0	0	0
			0	0	0
			0	0	0
		com	0 0 0
		meshfile	Geometry/thorax.vtp
		meshcolor	1 1 1
		meshscale	1 1 1
	endsegment

	// Markers //0
    marker    IJ
        parent    thorax
        position    0 0 0
    endmarker

    marker    XYP //1
        parent    thorax
        position    0.065 -0.18 0
    endmarker

    marker    C7 //2
        parent    thorax
        position    -0.078 0.060837752331682482 0
    endmarker

    marker    T8// 3
        parent    thorax
        position    -0.11 -0.158 0
    endmarker

// Information about clavicle segment
	// Segment
	segment clavicle_parent_offset
		parent thorax
		RTinMatrix	0
		RT	0 0 0	xyz	0.0063249999999999999 0.0069300000000000004 0.025465000000000002
	endsegment

	// Segments to define transformation axis.
	// Segment
	segment clavicle_translation
		parent clavicle_parent_offset
		RTinMatrix	1
		RT
			1.0		0.0		0.0		0
			0.0		1.0		0.0		0
			0.0		0.0		1.0		0
			0		0		0		1
	endsegment

	// Segment
	segment clavicle_sternoclavicular_r2
		parent clavicle_translation
		RTinMatrix	1
		RT
			0.015299995322998767		0.8187903401818777		0.5738887426740146		0
			0.9892986975709203		0.07089439883216789		-0.12752282618694766		0
			-0.1450999556429883		0.5696984843222515		-0.8089435331550232		0
			0		0		0		1
		rotations x
		// ranges
				// -99999.899999999994 99999.899999999994
	endsegment

	// Segment
	segment clavicle_sternoclavicular_r3
		parent clavicle_sternoclavicular_r2
		RTinMatrix	1
		RT
			0.8946778962109397		1.9627784775221394e-05		-0.44671183289265703		0
			0.21701902027170772		-0.8740811166413857		0.4346089579970214		0
			-0.3904538473006448		-0.48577999253334686		-0.7820253141570459		0
			0		0		0		1
		rotations y
		// ranges
				// -99999.899999999994 99999.899999999994
	endsegment

	// Segment
	segment clavicle_rotation_2
		parent clavicle_sternoclavicular_r3
		RTinMatrix	1
		RT
			-0.49386942701960895		0.7462814087754803		0.4462701513337044		0
			-0.8339478037291733		-0.5518433254629788		-6.92621768184728e-05		0
			0.2462195152919673		-0.372200219046208		0.8948982887632223		0
			0		0		0		1
		// ranges
				// -99999.899999999994 99999.899999999994
	endsegment


    // Segment to cancel transformation bases effect.
	// Segment
	segment clavicle_reset_axis
		parent clavicle_rotation_2
		RTinMatrix	1
		RT
			0.8209185179363219		-0.5459859614848286		0.16730844799566985		0
			0.561529920798118		0.8250778809997338		-0.06269480308166052		0
			-0.10381201740497918		0.14541602437997092		0.9839091649618026		0
			0		0		0		1
	endsegment


    //True segment where are applied inertial values.
	// Segment
	segment clavicle
		parent clavicle_reset_axis
		RTinMatrix	0
		RT	-0.0	 0.0	 -0.0	xyz	-0.0	 -0.0	 -0.0
		mass	0
		inertia
			0	0	0
			0	0	0
			0	0	0
		com	0 0 0
		meshfile	Geometry/clavicle.vtp
		meshcolor	1 1 1
		meshscale	1 1 1
	endsegment

	    // Markers
    marker    CLAV_SC //4
        parent    clavicle
        position    0 0 0
    endmarker

    marker    CLAV_AC //5
        parent    clavicle
        position    -0.025 0.015 0.12
    endmarker

// Information about clavphant segment
	// Segment
	segment clavphant_parent_offset
		parent clavicle
		RTinMatrix	0
		RT	0 0 0	xyz	-0.014330000000000001 0.020070000000000001 0.13553499999999999
	endsegment

	// Segments to define transformation axis.
	// Segment
	segment clavphant_translation
		parent clavphant_parent_offset
		RTinMatrix	1
		RT
			1.0		0.0		0.0		0
			0.0		1.0		0.0		0
			0.0		0.0		1.0		0
			0		0		0		1
	endsegment

	// Segment
	segment clavphant_unrotscap_r3
		parent clavphant_translation
		RTinMatrix	1
		RT
			-0.9944725436674949		-0.09262463903609096		0.04944730664997068		0
			0.0		0.47094040153389716		0.8821650288937392		0
			-0.10499695182005227		0.877288900218466		-0.4683372990292062		0
			0		0		0		1
		rotations x
		// ranges
				// -99999.899999999994 99999.899999999994
	endsegment

	// Segment
	segment clavphant_unrotscap_r2
		parent clavphant_unrotscap_r3
		RTinMatrix	1
		RT
			-0.9008963954810023		1.9627784775205504e-05		0.434034197067567		0
			0.4086218058068028		0.3371889888191787		0.8481343087260929		0
			-0.14633490502448482		0.9414369790027636		-0.3037803649639409		0
			0		0		0		1
		rotations y
		// ranges
				// -99999.899999999994 99999.899999999994
	endsegment

	// Segment
	segment clavphant_rotation_2
		parent clavphant_unrotscap_r2
		RTinMatrix	1
		RT
			0.8210766852405489		0.37066599167268305		0.43409653254973063		0
			-0.4112381742106295		0.911527794647593		-0.0004936160484081299		0
			-0.3958740216613117		-0.1781117688481078		0.9008662257913201		0
			0		0		0		1
		// ranges
				// -99999.899999999994 99999.899999999994
	endsegment


      // Segment to cancel transformation bases effect.
	// Segment
	segment clavphant_reset_axis
		parent clavphant_rotation_2
		RTinMatrix	1
		RT
			0.900225433327942		-0.4068585183050342		0.15511387839955124		0
			0.42286786852612346		0.9018427390272407		-0.08867039997663957		0
			-0.10381201740497915		0.14541602437997084		0.9839091649618026		0
			0		0		0		1
	endsegment


  //True segment where are applied inertial values.
	// Segment
	segment clavphant
		parent clavphant_reset_axis
		RTinMatrix	0
		RT	-0.0	 0.0	 -0.0	xyz	-0.0	 -0.0	 -0.0
		mass	0
		inertia
			0	0	0
			0	0	0
			0	0	0
		com	0 0 0
	endsegment

	// Markers

// Information about scapula segment
	// Segment
	segment scapula_parent_offset
		parent clavphant
		RTinMatrix	0
		RT	0 0 0	xyz	0 0 0
	endsegment

	// Segments to define transformation axis.
	// Segment
	segment scapula_translation
		parent scapula_parent_offset
		RTinMatrix	1
		RT
			1.0		0.0		0.0		0
			0.0		1.0		0.0		0
			0.0		0.0		1.0		0
			0		0		0		1
	endsegment

	// Segment
	segment scapula_acromioclavicular_r2
		parent scapula_translation
		RTinMatrix	1
		RT
			0.15709493244395942		0.37563219499401845		0.9133573431491113		0
			0.9472685926427554		0.20423440113402966		-0.24692209861824443		0
			-0.2792908798959279		0.9039849354261386		-0.32374039125441		0
			0		0		0		1
		rotations x
		// ranges
				// -99999.899999999994 99999.899999999994
	endsegment

	// Segment
	segment scapula_acromioclavicular_r3
		parent scapula_acromioclavicular_r2
		RTinMatrix	1
		RT
			0.17348341824885516		-8.250487960455762e-05		-0.9848367868767075		0
			0.9373489412945023		0.30679214822642686		0.16509251963880722		0
			0.3021265725598602		-0.9517765341610177		0.053300686427778916		0
			0		0		0		1
		rotations y
		// ranges
				// -99999.899999999994 99999.899999999994
	endsegment

	// Segment
	segment scapula_acromioclavicular_r1
		parent scapula_acromioclavicular_r3
		RTinMatrix	1
		RT
			0.12419589494995645		-0.1211878763566657		0.984829365068762		0
			0.6982667099871257		0.7158376916991733		2.9437294922101642e-05		0
			-0.7049815468516425		0.6876699046540868		0.17352556247338521		0
			0		0		0		1
		rotations z
		// ranges
				// -99999.899999999994 99999.899999999994
	endsegment


    // Segment to cancel transformation bases effect.
	// Segment
	segment scapula_reset_axis
		parent scapula_acromioclavicular_r1
		RTinMatrix	1
		RT
			-0.41413541659768527		0.8859093312395757		0.2089414117452769		0
			-0.6494849911919205		-0.44844030070120366		0.6140606997060184		0
			0.6376998533290507		0.11859997272200923		0.7610998249470604		0
			0		0		0		1
	endsegment


    //True segment where are applied inertial values.
	// Segment
	segment scapula
		parent scapula_reset_axis
		RTinMatrix	0
		RT	-0.0	 0.0	 -0.0	xyz	-0.0	 -0.0	 -0.0
		mass	0
		inertia
			0	0	0
			0	0	0
			0	0	0
		com	0 0 0
		meshfile	Geometry/scapula.vtp
		meshcolor	1 1 1
		meshscale	1 1 1
	endsegment

	// Markers
	marker    SCAP_AI //6
        parent    scapula
        position    -0.115 -0.13 -0.078750465705913264
    endmarker

    marker    SCAP_TS //7
        parent    scapula
        position    -0.095 -0.024896597143043486 -0.10
    endmarker

    marker    SCAP_AA //8
        parent    scapula
        position    0 0 0
    endmarker

// Information about scapphant segment
	// Segment
	segment scapphant_parent_offset
		parent scapula
		RTinMatrix	0
		RT	0 0 0	xyz	-0.0095499999999999995 -0.034000000000000002 0.0089999999999999993
	endsegment

	// Segments to define transformation axis.
	// Segment
	segment scapphant_translation
		parent scapphant_parent_offset
		RTinMatrix	1
		RT
			1.0		0.0		0.0		0
			0.0		1.0		0.0		0
			0.0		0.0		1.0		0
			0		0		0		1
	endsegment

	// Segment
	segment scapphant_unrothum_r1
		parent scapphant_translation
		RTinMatrix	1
		RT
			0.6376998533290505		-0.014642933846963599		-0.7701457534470088		0
			0.1185999727220094		0.9897636299926946		0.07938515739118197		0
			0.7610998249470603		-0.14196316857564695		0.6329087732315902		0
			0		0		0		1
		rotations x
		// ranges
				// -99999.899999999994 99999.899999999994
	endsegment

	// Segment
	segment scapphant_unrothum_r3
		parent scapphant_unrothum_r1
		RTinMatrix	1
		RT
			0.30595713277668435		2.9437294922299113e-05		0.952045288857897		0
			0.9281841236591867		0.22247214182473393		-0.298295790615528		0
			-0.21181233554752618		0.9749390469385052		0.06803961540559318		0
			0		0		0		1
		rotations y
		// ranges
				// -99999.899999999994 99999.899999999994
	endsegment

	// Segment
	segment scapphant_unrothum_r2
		parent scapphant_unrothum_r3
		RTinMatrix	1
		RT
			-0.0012825970803677445		0.3059951953109618		0.9520321924133321		0
			0.9999901032497606		0.004448212616071312		-8.25048796045361e-05		0
			-0.0042600877059477725		0.9520226645679863		-0.3059978722174536		0
			0		0		0		1
		rotations z
		// ranges
				// -99999.899999999994 99999.899999999994
	endsegment


    // Segment to cancel transformation bases effect.
	// Segment
	segment scapphant_reset_axis
		parent scapphant_unrothum_r2
		RTinMatrix	1
		RT
			-0.756900373927564		0.29714152668752974		0.58207279361444		0
			0.6343681944649665		0.11995468523745913		0.7636673800424109		0
			0.15709493244395942		0.9472685926427555		-0.2792908798959279		0
			0		0		0		1
	endsegment


    //True segment where are applied inertial values.
	// Segment
	segment scapphant
		parent scapphant_reset_axis
		RTinMatrix	0
		RT	-0.0	 0.0	 -0.0	xyz	-0.0	 -0.0	 -0.0
		mass	0
		inertia
			0	0	0
			0	0	0
			0	0	0
		com	0 0 0
	endsegment

	// Markers

// Information about humphant segment
	// Segment
	segment humphant_parent_offset
		parent scapphant
		RTinMatrix	0
		RT	0 0 0	xyz	0 0 0
	endsegment

	// Segments to define transformation axis.
	// Segment
	segment humphant_translation
		parent humphant_parent_offset
		RTinMatrix	1
		RT
			1.0		0.0		0.0		0
			0.0		1.0		0.0		0
			0.0		0.0		1.0		0
			0		0		0		1
	endsegment

	// Segment
	segment humphant_rotation_0
		parent humphant_translation
		RTinMatrix	1
		RT
			0.05879797769399176		0.5487469747781955		-0.8339181947234845		0
			-0.04259798383999403		0.8359817600433902		0.5471013696268022		0
			0.9973606216368602		0.0033547796550389268		0.07252955164346242		0
			0		0		0		1
	endsegment

	// Segment
	segment humphant_elv_angle
		parent humphant_rotation_0
		RTinMatrix	1
		RT
			0.6057485548491433		1.1143575990414406e-05		0.7956561368920593		0
			0.434164409226552		0.8379965638586657		-0.3305495798243114		0
			-0.6667607922329669		0.5456755069057895		0.5076103693818478		0
			0		0		0		1
		rotations y
		ranges
				-1.570796326795 2.2689280275930002
	endsegment

	// Segment
	segment humphant_rotation_2
		parent humphant_elv_angle
		RTinMatrix	1
		RT
			0.2683432577336767		0.5430229239484369		-0.7956871245001815		0
			-0.8965075825646721		0.4430283900514805		3.527101909795072e-06		0
			0.35251390104919944		0.7133385939894765		0.6057078502811334		0
			0		0		0		1
		ranges
				-1.570796326795 2.2689280275930002
	endsegment


    // Segment to cancel transformation bases effect.
	// Segment
	segment humphant_reset_axis
		parent humphant_rotation_2
		RTinMatrix	1
		RT
			0.021720131129225207		-0.9145680192356138		0.403848454367694		0
			0.05479509813436638		0.404425578058168		0.9129279539113488		0
			-0.9982613551190765		0.00230000081800023		0.05889802095200456		0
			0		0		0		1
	endsegment


    //True segment where are applied inertial values.
	// Segment
	segment humphant
		parent humphant_reset_axis
		RTinMatrix	0
		RT	-0.0	 0.0	 -0.0	xyz	-0.0	 -0.0	 -0.0
		mass	0
		inertia
			0	0	0
			0	0	0
			0	0	0
		com	0 0 0
	endsegment

	// Markers

// Information about humphant1 segment
	// Segment
	segment humphant1_parent_offset
		parent humphant
		RTinMatrix	0
		RT	0 0 0	xyz	0 0 0
	endsegment

	// Segments to define transformation axis.
	// Segment
	segment humphant1_translation
		parent humphant1_parent_offset
		RTinMatrix	1
		RT
			1.0		0.0		0.0		0
			0.0		1.0		0.0		0
			0.0		0.0		1.0		0
			0		0		0		1
	endsegment

	// Segment
	segment humphant1_rotation_0
		parent humphant1_translation
		RTinMatrix	1
		RT
			0.05879797769399176		0.9070565398113836		-0.4168827549857355		0
			-0.04259798383999403		0.4195046381263539		0.9067531474239526		0
			0.9973606216368602		-0.03555688647613584		0.06330480417992568		0
			0		0		0		1
	endsegment

	// Segment
	segment humphant1_shoulder_elv
		parent humphant1_rotation_0
		RTinMatrix	1
		RT
			0.7103760417123544		-5.115749887054539e-05		0.7038223332233765		0
			0.29696037446835016		-0.906608859835546		-0.2997914462810912		0
			0.6381068996310137		0.4219720045815853		-0.6440180214813045		0
			0		0		0		1
		rotations y
		ranges
				0 3.1415926535900001
	endsegment

	// Segment
	segment humphant1_shoulder1_r2
		parent humphant1_shoulder_elv
		RTinMatrix	1
		RT
			0.17571480190373742		0.6882930241392269		0.7038302503538819		0
			0.968923455011042		-0.2473607453033417		3.5271019095496042e-06		0
			0.17410240297421367		0.6819570181501569		-0.7103681993687154		0
			0		0		0		1
		rotations z
		// ranges
				// -99999.899999999994 99999.899999999994
	endsegment


    // Segment to cancel transformation bases effect.
	// Segment
	segment humphant1_reset_axis
		parent humphant1_shoulder1_r2
		RTinMatrix	1
		RT
			-0.9527071916139112		-0.00831468359767927		0.30377602453749614		0
			0.3038518833882888		-0.041852917586902155		0.9517995410015985		0
			0.0048000008879999076		0.9990891848709678		0.0424000078459984		0
			0		0		0		1
	endsegment


    //True segment where are applied inertial values.
	// Segment
	segment humphant1
		parent humphant1_reset_axis
		RTinMatrix	0
		RT	-0.0	 0.0	 -0.0	xyz	-0.0	 -0.0	 -0.0
		mass	0
		inertia
			0	0	0
			0	0	0
			0	0	0
		com	0 0 0
	endsegment

	// Markers

// Information about humerus segment
	// Segment
	segment humerus_parent_offset
		parent humphant1
		RTinMatrix	0
		RT	0 0 0	xyz	0 0 0
	endsegment

	// Segments to define transformation axis.
	// Segment
	segment humerus_translation
		parent humerus_parent_offset
		RTinMatrix	1
		RT
			1.0		0.0		0.0		0
			0.0		1.0		0.0		0
			0.0		0.0		1.0		0
			0		0		0		1
	endsegment

	// Segment
	segment humerus_rotation_0
		parent humerus_translation
		RTinMatrix	1
		RT
			0.05879797769399176		0.8434264288741347		-0.5340174687177576		0
			-0.04259798383999403		0.5365755540879297		0.8427764155029487		0
			0.9973606216368602		-0.02680548137705116		0.06747782284780764		0
			0		0		0		1
	endsegment

	// Segment
	segment humerus_shoulder_rot
		parent humerus_rotation_0
		RTinMatrix	1
		RT
			0.9766435008715741		1.1143575990414406e-05		0.2148661724914753		0
			0.18097732439210995		0.5389987279422532		-0.822634535703739		0
			-0.11582176074118689		0.8423065778874422		0.5264075878882803		0
			0		0		0		1
		rotations y
		ranges
				-1.570796326795 0.34906585039900001
	endsegment

	// Segment
	segment humerus_rotation_2
		parent humerus_shoulder_rot
		RTinMatrix	1
		RT
			0.6189001670434031		0.7554956242053992		-0.21491613489950273		0
			-0.7735715716274095		0.6337089423051087		3.5271019095974383e-06		0
			0.1361969412415249		0.16625082931833565		0.9766325076237315		0
			0		0		0		1
		ranges
				-1.570796326795 0.34906585039900001
	endsegment


    // Segment to cancel transformation bases effect.
	// Segment
	segment humerus_reset_axis
		parent humerus_rotation_2
		RTinMatrix	1
		RT
			0.03351253983125798		-0.7998686888937867		0.5992386754886511		0
			0.04848893224111984		0.6001706345061972		0.7984009224234058		0
			-0.9982613551190761		0.0023000008180001663		0.058898020952004415		0
			0		0		0		1
	endsegment


    //True segment where are applied inertial values.
	// Segment
	segment humerus
		parent humerus_reset_axis
		RTinMatrix	0
		RT	-0.0	 0.0	 -0.0	xyz	-0.0	 -0.0	 -0.0
		mass	0
		inertia
			0	0	0
			0	0	0
			0	0	0
		com	0 0 0
		meshfile	Geometry/humerus.vtp
		meshcolor	1 1 1
		meshscale	1 1 1
	endsegment


   // Markers
    marker    EPI_lat //9
        parent    humerus
        position    0.010673315684115781 -0.293 0.018
    endmarker

    marker    EPI_med //10
        parent    humerus
        position    -0.0092045853703068281 -0.30152321784036573 -0.035
    endmarker

    marker    GH //11
        parent    humerus
        position    0 0 0
    endmarker



// Information about ulna segment
	// Segment
	segment ulna_parent_offset
		parent humerus 
		RTinMatrix	0
		RT	0 0 0	xyz	0.0061000000000000004 -0.29039999999999999 -0.0123
	endsegment

	// Segments to define transformation axis.
	// Segment
	segment ulna_translation
		parent ulna_parent_offset 
		RTinMatrix	1
		RT
			1.0		0.0		0.0		0
			0.0		1.0		0.0		0
			0.0		0.0		1.0		0
			0		0		0		1
	endsegment

	// Segment
	segment ulna_rotation_0
		parent ulna_translation 
		RTinMatrix	1
		RT
			1.0		0.0		0.0		0
			0.0		0.8667350098551071		-0.49876890710174304		0
			0.0		0.49876890710174304		0.8667350098551071		0
			0		0		0		1
	endsegment

	// Segment
	segment ulna_rotation_1
		parent ulna_rotation_0 
		RTinMatrix	1
		RT
			0.8278724957553599		0.0		-0.5609163313470126		0
			0.27976762556146867		0.8667350098551072		0.4129170599274934		0
			0.4861658219779436		-0.4987689071017431		0.7175460757672942		0
			0		0		0		1
	endsegment

	// Segment
	segment ulna_elbow_flexion
		parent ulna_rotation_1 
		RTinMatrix	1
		RT
			0.7010118339362911		0.3842906294854531		0.6007521292271482		0
			-0.5043161867481228		0.8627430805944569		0.03660000915599258		0
			-0.5042297020853794		-0.3286260625331783		0.7985970940085046		0
			0		0		0		1
		rotations z
		ranges
				0 2.2689280275930002
	endsegment


    // Segment to cancel transformation bases effect.
	// Segment
	segment ulna_reset_axis
		parent ulna_elbow_flexion 
		RTinMatrix	1
		RT
			0.8631790911648071		-0.5043161867481228		-0.024228915777019307		0
			0.5024753679086447		0.8627430805944573		-0.056505588497584906		0
			0.04940001235798973		0.036600009155992624		0.9981082496947975		0
			0		0		0		1
	endsegment


    //True segment where are applied inertial values.
	// Segment
	segment ulna
		parent ulna_reset_axis 
		RTinMatrix	0
		RT	-0.0	 0.0	 -0.0	xyz	-0.0	 -0.0	 -0.0
		mass	0
		inertia
			0	0	0
			0	0	0
			0	0	0
		com	0 0 0
		meshfile	Geometry/ulna.vtp
		meshcolor	1 1 1
		meshscale	1 1 1
	endsegment

	// Markers

// Information about radius segment
	// Segment
	segment radius_parent_offset
		parent ulna 
		RTinMatrix	0
		RT	0 0 0	xyz	0.00040000000000000002 -0.011502999999999999 0.019998999999999999
	endsegment

	// Segments to define transformation axis.
	// Segment
	segment radius_translation
		parent radius_parent_offset 
		RTinMatrix	1
		RT
			1.0		0.0		0.0		0
			0.0		1.0		0.0		0
			0.0		0.0		1.0		0
			0		0		0		1
	endsegment

	// Segment
	segment radius_rotation_0
		parent radius_translation 
		RTinMatrix	1
		RT
			1.0		0.0		0.0		0
			0.0		0.8545319746415215		-0.5193987912146714		0
			0.0		0.5193987912146714		0.8545319746415215		0
			0		0		0		1
	endsegment

	// Segment
	segment radius_pro_sup
		parent radius_rotation_0 
		RTinMatrix	1
		RT
			0.3886089609021		-0.01716099384199165		-0.9212429515588955		0
			0.5746011492153501		0.786109140496912		0.22774094613750326		0
			0.7202892438645666		-0.6178494311056387		0.31534978302743394		0
			0		0		0		1
		rotations y
		ranges
				-1.570796326795 1.570796326795
	endsegment

	// Segment
	segment radius_rotation_2
		parent radius_pro_sup 
		RTinMatrix	1
		RT
			0.33642026157349353		0.2269436108603908		0.9139573322056505		0
			-0.3109386476820442		0.942866235174152		-0.1196679570569418		0
			-0.8888973872053421		-0.24392593150005193		0.3877648449271132		0
			0		0		0		1
		ranges
				-1.570796326795 1.570796326795
	endsegment


    // Segment to cancel transformation bases effect.
	// Segment
	segment radius_reset_axis
		parent radius_rotation_2 
		RTinMatrix	1
		RT
			0.9549623971166362		-0.29672684424104234		-2.984043748865982e-17		0
			0.2967268442410423		0.9549623971166363		1.0337932485147235e-16		0
			4.451496231616269e-18		8.175149592684061e-17		1.0000000000000002		0
			0		0		0		1
	endsegment


    //True segment where are applied inertial values.
	// Segment
	segment radius
		parent radius_reset_axis 
		RTinMatrix	0
		RT	-0.0	 0.0	 -0.0	xyz	-0.0	 -0.0	 -0.0
		mass	0
		inertia
			0	0	0
			0	0	0
			0	0	0
		com	0 0 0
		meshfile	Geometry/radius.vtp
		meshcolor	1 1 1
		meshscale	1 1 1
	endsegment

	// Markers

//////////////////////////////////////////////////////////////////////// coco

// Information about lunate segment
	// Segment
	segment lunate_parent_offset
		parent radius 
		RTinMatrix	0
		RT	0 0 0	xyz	0.017999999999999999 -0.24199999999999999 0.025000000000000001
	endsegment

//////////////////////////////////////////////////////////////////////// coco

	// Segments to define transformation axis.
	// Segment
	segment lunate_translation
		parent lunate_parent_offset 
		RTinMatrix	1
		RT
			1.0		0.0		0.0		0
			0.0		1.0		0.0		0
			0.0		0.0		1.0		0
			0		0		0		1
	endsegment

	// Segment
	segment lunate_deviation
		parent lunate_translation 
		RTinMatrix	1
		RT
			-0.8190640030496867		0.1679881464519632		0.5485564160228704		0
			-0.13561100050494812		0.8723808994672547		-0.4696394604233662		0
			-0.5574440020757867		-0.4590550608547273		-0.6917547510884134		0
			0		0		0		1
		rotations x
		ranges
				-0.17453292519899999 0.43633231299899999
	endsegment

	// Segment
	segment lunate_rotation_1
		parent lunate_deviation 
		RTinMatrix	1
		RT
			-0.9905042136105424		-0.13561100050494818		0.022606622078679754		0
			-0.13019229567236204		0.8723808994672547		-0.47117038573350917		0
			0.044174302114708554		-0.46963946042336624		-0.8817524642698358		0
			0		0		0		1
		ranges
				-0.17453292519899999 0.43633231299899999
	endsegment

	// Segment
	segment lunate_flexion
		parent lunate_rotation_1 
		RTinMatrix	1
		RT
			0.055715045114889866		0.5008923080063505		0.8637144953790674		0
			0.9082535535109904		0.3338669608700781		-0.25220692887792723		0
			-0.4146942443325008		0.7985234800677113		-0.4363358058858419		0
			0		0		0		1
		rotations z
		ranges
				-1.221730476396 1.221730476396
	endsegment


    // Segment to cancel transformation bases effect.
	// Segment
	segment lunate_reset_axis
		parent lunate_flexion 
		RTinMatrix	1
		RT
			0.28641835057481835		0.9082535535109908		-0.3050246071854839		0
			-0.056678373648113206		0.3338669608700783		0.9409146690322044		0
			0.9564267302907238		-0.25220692887792734		0.14710395851695746		0
			0		0		0		1
	endsegment


    //True segment where are applied inertial values.
	// Segment
	segment lunate
		parent lunate_reset_axis 
		RTinMatrix	0
		RT	-0.0	 0.0	 -0.0	xyz	-0.0	 -0.0	 -0.0
		mass	0
		inertia
			0	0	0
			0	0	0
			0	0	0
		com	0 0 0
		meshfile	Geometry/lunate.vtp
		meshcolor	1 1 1
		meshscale	1 1 1
	endsegment

	// Markers

// Information about scaphoid segment
	// Segment
	segment scaphoid_parent_offset
		parent lunate 
		RTinMatrix	0
		RT	0 0 0	xyz	0.012345 -0.0044640000000000001 -0.0012539999999999999
	endsegment


    // Segment to cancel transformation bases effect.
	// Segment
	segment scaphoid_reset_axis
		parent scaphoid_parent_offset 
		RTinMatrix	1
		RT
			1.0		0.0		0.0		0
			0.0		1.0		0.0		0
			0.0		0.0		1.0		0
			0		0		0		1
	endsegment


    //True segment where are applied inertial values.
	// Segment
	segment scaphoid
		parent scaphoid_reset_axis 
		RTinMatrix	0
		RT	-0.0	 0.0	 -0.0	xyz	-0.0	 -0.0	 -0.0
		mass	0
		inertia
			0	0	0
			0	0	0
			0	0	0
		com	0 0 0
		meshfile	Geometry/scaphoid.vtp
		meshcolor	1 1 1
		meshscale	1 1 1
	endsegment

	// Markers

// Information about pisiform segment
	// Segment
	segment pisiform_parent_offset
		parent lunate 
		RTinMatrix	0
		RT	0 0 0	xyz	-0.013388000000000001 -0.0098860000000000007 -0.010593
	endsegment


    // Segment to cancel transformation bases effect.
	// Segment
	segment pisiform_reset_axis
		parent pisiform_parent_offset 
		RTinMatrix	1
		RT
			1.0		0.0		0.0		0
			0.0		1.0		0.0		0
			0.0		0.0		1.0		0
			0		0		0		1
	endsegment


    //True segment where are applied inertial values.
	// Segment
	segment pisiform
		parent pisiform_reset_axis 
		RTinMatrix	0
		RT	-0.0	 0.0	 -0.0	xyz	-0.0	 -0.0	 -0.0
		mass	0
		inertia
			0	0	0
			0	0	0
			0	0	0
		com	0 0 0
		meshfile	Geometry/pisiform.vtp
		meshcolor	1 1 1
		meshscale	1 1 1
	endsegment

	// Markers

// Information about triquetrum segment
	// Segment
	segment triquetrum_parent_offset
		parent lunate 
		RTinMatrix	0
		RT	0 0 0	xyz	-0.010784 -0.0074989999999999996 -0.001289
	endsegment


    // Segment to cancel transformation bases effect.
	// Segment
	segment triquetrum_reset_axis
		parent triquetrum_parent_offset 
		RTinMatrix	1
		RT
			1.0		0.0		0.0		0
			0.0		1.0		0.0		0
			0.0		0.0		1.0		0
			0		0		0		1
	endsegment


    //True segment where are applied inertial values.
	// Segment
	segment triquetrum
		parent triquetrum_reset_axis 
		RTinMatrix	0
		RT	-0.0	 0.0	 -0.0	xyz	-0.0	 -0.0	 -0.0
		mass	0
		inertia
			0	0	0
			0	0	0
			0	0	0
		com	0 0 0
		meshfile	Geometry/triquetrum.vtp
		meshcolor	1 1 1
		meshscale	1 1 1
	endsegment

	// Markers

// Information about capitate segment
	// Segment
	segment capitate_parent_offset
		parent lunate 
		RTinMatrix	0
		RT	0 0 0	xyz	0.0039919999999999999 -0.015054 0.0023270000000000001
	endsegment

	// Segments to define transformation axis.
	// Segment
	segment capitate_translation
		parent capitate_parent_offset 
		RTinMatrix	1
		RT
			1.0		0.0		0.0		0
			0.0		1.0		0.0		0
			0.0		0.0		1.0		0
			0		0		0		1
	endsegment

	// Segment
	segment capitate_proximal_distal_r1
		parent capitate_translation 
		RTinMatrix	1
		RT
			0.8991357010800273		0.3570336377373785		-0.2531441734809279		0
			-0.3490528839570106		0.23603342924045692		-0.9068904589211885		0
			-0.264039912219008		0.9037782923953221		0.3368497038003358		0
			0		0		0		1
		rotations x
		// ranges
				// -99999.899999999994 99999.899999999994
	endsegment

	// Segment
	segment capitate_rotation_1
		parent capitate_proximal_distal_r1 
		RTinMatrix	1
		RT
			0.061293930445223216		-0.3490528839570106		-0.9350963256755263		0
			0.971437784391529		0.23603342924045698		-0.024430541080123387		0
			0.22924154323999285		-0.9068904589211885		0.35355057682128394		0
			0		0		0		1
		// ranges
				// -99999.899999999994 99999.899999999994
	endsegment

	// Segment
	segment capitate_proximal_distal_r3
		parent capitate_rotation_1 
		RTinMatrix	1
		RT
			-0.5081404048264143		0.8170609178664		0.27240555331740973		0
			0.8507218547986313		0.5255072177209128		0.01069999491600392		0
			-0.13440853674832176		0.23717845732389287		-0.9621230298826827		0
			0		0		0		1
		rotations z
		// ranges
				// -99999.899999999994 99999.899999999994
	endsegment


    // Segment to cancel transformation bases effect.
	// Segment
	segment capitate_reset_axis
		parent capitate_proximal_distal_r3 
		RTinMatrix	1
		RT
			-0.04854814734976815		0.8507218547986306		-0.5233692799132199		0
			0.058289983023280215		0.5255072177209125		0.8487899869828642		0
			0.9971185261883616		0.010699994916003838		-0.07510096431302729		0
			0		0		0		1
	endsegment


    //True segment where are applied inertial values.
	// Segment
	segment capitate
		parent capitate_reset_axis 
		RTinMatrix	0
		RT	-0.0	 0.0	 -0.0	xyz	-0.0	 -0.0	 -0.0
		mass	0
		inertia
			0	0	0
			0	0	0
			0	0	0
		com	0 0 0
		meshfile	Geometry/capitate.vtp
		meshcolor	1 1 1
		meshscale	1 1 1
	endsegment

	// Markers

// Information about trapezium segment
	// Segment
	segment trapezium_parent_offset
		parent capitate 
		RTinMatrix	0
		RT	0 0 0	xyz	0.015292999999999999 -0.0045690000000000001 -0.010307999999999999
	endsegment


    // Segment to cancel transformation bases effect.
	// Segment
	segment trapezium_reset_axis
		parent trapezium_parent_offset 
		RTinMatrix	1
		RT
			1.0		0.0		0.0		0
			0.0		1.0		0.0		0
			0.0		0.0		1.0		0
			0		0		0		1
	endsegment


    //True segment where are applied inertial values.
	// Segment
	segment trapezium
		parent trapezium_reset_axis 
		RTinMatrix	0
		RT	-0.0	 0.0	 -0.0	xyz	-0.0	 -0.0	 -0.0
		mass	0
		inertia
			0	0	0
			0	0	0
			0	0	0
		com	0 0 0
		meshfile	Geometry/trapezium.vtp
		meshcolor	1 1 1
		meshscale	1 1 1
	endsegment

	// Markers

// Information about trapezoid segment
	// Segment
	segment trapezoid_parent_offset
		parent capitate 
		RTinMatrix	0
		RT	0 0 0	xyz	0.0091430000000000001 -0.0040619999999999996 -0.002464
	endsegment


    // Segment to cancel transformation bases effect.
	// Segment
	segment trapezoid_reset_axis
		parent trapezoid_parent_offset 
		RTinMatrix	1
		RT
			1.0		0.0		0.0		0
			0.0		1.0		0.0		0
			0.0		0.0		1.0		0
			0		0		0		1
	endsegment


    //True segment where are applied inertial values.
	// Segment
	segment trapezoid
		parent trapezoid_reset_axis 
		RTinMatrix	0
		RT	-0.0	 0.0	 -0.0	xyz	-0.0	 -0.0	 -0.0
		mass	0
		inertia
			0	0	0
			0	0	0
			0	0	0
		com	0 0 0
		meshfile	Geometry/trapezoid.vtp
		meshcolor	1 1 1
		meshscale	1 1 1
	endsegment

	// Markers

// Information about hamate segment
	// Segment
	segment hamate_parent_offset
		parent capitate 
		RTinMatrix	0
		RT	0 0 0	xyz	-0.010969 -0.0024949999999999998 -0.00075000000000000002
	endsegment


    // Segment to cancel transformation bases effect.
	// Segment
	segment hamate_reset_axis
		parent hamate_parent_offset 
		RTinMatrix	1
		RT
			1.0		0.0		0.0		0
			0.0		1.0		0.0		0
			0.0		0.0		1.0		0
			0		0		0		1
	endsegment


    //True segment where are applied inertial values.
	// Segment
	segment hamate
		parent hamate_reset_axis 
		RTinMatrix	0
		RT	-0.0	 0.0	 -0.0	xyz	-0.0	 -0.0	 -0.0
		mass	0
		inertia
			0	0	0
			0	0	0
			0	0	0
		com	0 0 0
		meshfile	Geometry/hamate.vtp
		meshcolor	1 1 1
		meshscale	1 1 1
	endsegment

	// Markers

// Information about firstmc1 segment
	// Segment
	segment firstmc1_parent_offset
		parent trapezium 
		RTinMatrix	0
		RT	0 0 0	xyz	0 0 0
	endsegment

	// Segments to define transformation axis.
	// Segment
	segment firstmc1_translation
		parent firstmc1_parent_offset 
		RTinMatrix	1
		RT
			1.0		0.0		0.0		0
			0.0		1.0		0.0		0
			0.0		0.0		1.0		0
			0		0		0		1
	endsegment

	// Segment
	segment firstmc1_rotation_0
		parent firstmc1_translation 
		RTinMatrix	1
		RT
			0.5251729214670923		0.2967546265241401		0.797577641483409		0
			0.7177628926681261		-0.657966294424298		-0.22780865942769193		0
			0.4571759316350803		0.692110574285696		-0.5585455402163018		0
			0		0		0		1
	endsegment

	// Segment
	segment firstmc1_rotation_1
		parent firstmc1_rotation_0 
		RTinMatrix	1
		RT
			0.2704719613258961		0.9303056121174157		-0.24774258051324835		0
			0.5930643675840277		0.04170260757467298		0.8040743425975178		0
			0.7583663850927733		-0.3644068613299057		-0.5404517234471612		0
			0		0		0		1
	endsegment

	// Segment
	segment firstmc1_cmc_flexion
		parent firstmc1_rotation_1 
		RTinMatrix	1
		RT
			0.9462252553051865		-0.14607940263099034		0.2886495701531661		0
			0.15253753824774471		0.9882976700723399		0.00012146975881990502		0
			-0.2852894418795625		0.043914957093882406		0.9574348076477532		0
			0		0		0		1
		rotations z
		ranges
				-0.26179938779900003 0.78539816339699997
	endsegment


    // Segment to cancel transformation bases effect.
	// Segment
	segment firstmc1_reset_axis
		parent firstmc1_cmc_flexion 
		RTinMatrix	1
		RT
			0.9973653055773637		-0.07213783340092361		-0.007653771801680049		0
			0.058862320957796616		0.7430954635263113		0.6665915985504752		0
			-0.042398990577995295		-0.6652858521559264		0.7453838343559175		0
			0		0		0		1
	endsegment


    //True segment where are applied inertial values.
	// Segment
	segment firstmc1
		parent firstmc1_reset_axis 
		RTinMatrix	0
		RT	-0.0	 0.0	 -0.0	xyz	-0.0	 -0.0	 -0.0
		mass	0
		inertia
			0	0	0
			0	0	0
			0	0	0
		com	0 0 0
	endsegment

	// Markers

// Information about firstmc segment
	// Segment
	segment firstmc_parent_offset
		parent firstmc1 
		RTinMatrix	0
		RT	0 0 0	xyz	0.0071999999999999998 -0.0054000000000000003 -0.0025000000000000001
	endsegment

	// Segments to define transformation axis.
	// Segment
	segment firstmc_translation
		parent firstmc_parent_offset 
		RTinMatrix	1
		RT
			1.0		0.0		0.0		0
			0.0		1.0		0.0		0
			0.0		0.0		1.0		0
			0		0		0		1
	endsegment

	// Segment
	segment firstmc_cmc_abduction
		parent firstmc_translation 
		RTinMatrix	1
		RT
			0.49555701495912735		-0.5835942390572104		-0.6433047559780938		0
			0.7317360220891881		0.6795408381983649		-0.052788665428809646		0
			0.4679590141261203		-0.4445694696668892		0.7637881563222948		0
			0		0		0		1
		rotations x
		ranges
				-0.43633231299899999 0.43633231299899999
	endsegment

	// Segment
	segment firstmc_rotation_1
		parent firstmc_cmc_abduction 
		RTinMatrix	1
		RT
			0.24790339458240648		0.930316913612811		-0.2702856770168432		0
			-0.8792518373660771		0.09891619598794994		-0.4659740257349661		0
			-0.40676788644495626		0.35316572089772147		0.8425045163913937		0
			0		0		0		1
		ranges
				-0.43633231299899999 0.43633231299899999
	endsegment

	// Segment
	segment firstmc_rotation_2
		parent firstmc_rotation_1 
		RTinMatrix	1
		RT
			0.8559159749384461		0.3605136939214439		0.3707259369673037		0
			-0.38821594192631664		0.9215684290839669		0.00011379794576159603		0
			-0.3416082936338525		-0.1440191202959705		0.9287423037149446		0
			0		0		0		1
		ranges
				-0.43633231299899999 0.43633231299899999
	endsegment


    // Segment to cancel transformation bases effect.
	// Segment
	segment firstmc_reset_axis
		parent firstmc_rotation_2 
		RTinMatrix	1
		RT
			0.837954299110962		-0.4299660604173364		-0.33609787189247653		0
			0.5440909098665623		0.6103473779827007		0.5757092668962506		0
			-0.042398990577995226		-0.6652858521559265		0.7453838343559176		0
			0		0		0		1
	endsegment


    //True segment where are applied inertial values.
	// Segment
	segment firstmc
		parent firstmc_reset_axis 
		RTinMatrix	0
		RT	-0.0	 0.0	 -0.0	xyz	-0.0	 -0.0	 -0.0
		mass	0
		inertia
			0	0	0
			0	0	0
			0	0	0
		com	0 0 0
		meshfile	Geometry/1mc.vtp
		meshcolor	1 1 1
		meshscale	1 1 1
	endsegment

	// Markers

// Information about secondmc segment
	// Segment
	segment secondmc_parent_offset
		parent capitate 
		RTinMatrix	0
		RT	0 0 0	xyz	0.014685 -0.037620000000000001 0.005032
	endsegment


    // Segment to cancel transformation bases effect.
	// Segment
	segment secondmc_reset_axis
		parent secondmc_parent_offset 
		RTinMatrix	1
		RT
			1.0		0.0		0.0		0
			0.0		1.0		0.0		0
			0.0		0.0		1.0		0
			0		0		0		1
	endsegment


    //True segment where are applied inertial values.
	// Segment
	segment secondmc
		parent secondmc_reset_axis 
		RTinMatrix	0
		RT	-0.0	 0.0	 -0.0	xyz	-0.0	 -0.0	 -0.0
		mass	0
		inertia
			0	0	0
			0	0	0
			0	0	0
		com	0 0 0
		meshfile	Geometry/2mc.vtp
		meshcolor	1 1 1
		meshscale	1 1 1
	endsegment

	// Markers

// Information about thirdmc segment
	// Segment
	segment thirdmc_parent_offset
		parent capitate 
		RTinMatrix	0
		RT	0 0 0	xyz	0.00047699999999999999 -0.039239000000000003 0.0073769999999999999
	endsegment


    // Segment to cancel transformation bases effect.
	// Segment
	segment thirdmc_reset_axis
		parent thirdmc_parent_offset 
		RTinMatrix	1
		RT
			1.0		0.0		0.0		0
			0.0		1.0		0.0		0
			0.0		0.0		1.0		0
			0		0		0		1
	endsegment


    //True segment where are applied inertial values.
	// Segment
	segment thirdmc
		parent thirdmc_reset_axis 
		RTinMatrix	0
		RT	-0.0	 0.0	 -0.0	xyz	-0.0	 -0.0	 -0.0
		mass	0
		inertia
			0	0	0
			0	0	0
			0	0	0
		com	0 0 0
		meshfile	Geometry/3mc.vtp
		meshcolor	1 1 1
		meshscale	1 1 1
	endsegment

	// Markers

// Information about fourthmc segment
	// Segment
	segment fourthmc_parent_offset
		parent capitate 
		RTinMatrix	0
		RT	0 0 0	xyz	-0.012045999999999999 -0.040518999999999999 0.0035130000000000001
	endsegment


    // Segment to cancel transformation bases effect.
	// Segment
	segment fourthmc_reset_axis
		parent fourthmc_parent_offset 
		RTinMatrix	1
		RT
			1.0		0.0		0.0		0
			0.0		1.0		0.0		0
			0.0		0.0		1.0		0
			0		0		0		1
	endsegment


    //True segment where are applied inertial values.
	// Segment
	segment fourthmc
		parent fourthmc_reset_axis 
		RTinMatrix	0
		RT	-0.0	 0.0	 -0.0	xyz	-0.0	 -0.0	 -0.0
		mass	0
		inertia
			0	0	0
			0	0	0
			0	0	0
		com	0 0 0
		meshfile	Geometry/4mc.vtp
		meshcolor	1 1 1
		meshscale	1 1 1
	endsegment

	// Markers

// Information about fifthmc segment
	// Segment
	segment fifthmc_parent_offset
		parent capitate 
		RTinMatrix	0
		RT	0 0 0	xyz	-0.021895999999999999 -0.034682999999999999 -0.0042180000000000004
	endsegment


    // Segment to cancel transformation bases effect.
	// Segment
	segment fifthmc_reset_axis
		parent fifthmc_parent_offset 
		RTinMatrix	1
		RT
			1.0		0.0		0.0		0
			0.0		1.0		0.0		0
			0.0		0.0		1.0		0
			0		0		0		1
	endsegment


    //True segment where are applied inertial values.
	// Segment
	segment fifthmc
		parent fifthmc_reset_axis 
		RTinMatrix	0
		RT	-0.0	 0.0	 -0.0	xyz	-0.0	 -0.0	 -0.0
		mass	0
		inertia
			0	0	0
			0	0	0
			0	0	0
		com	0 0 0
		meshfile	Geometry/5mc.vtp
		meshcolor	1 1 1
		meshscale	1 1 1
	endsegment

	// Markers

// Information about proximal_thumb segment
	// Segment
	segment proximal_thumb_parent_offset
		parent firstmc 
		RTinMatrix	0
		RT	0 0 0	xyz	0.016500000000000001 -0.0292 -0.012699999999999999
	endsegment

	// Segments to define transformation axis.
	// Segment
	segment proximal_thumb_translation
		parent proximal_thumb_parent_offset 
		RTinMatrix	1
		RT
			1.0		0.0		0.0		0
			0.0		1.0		0.0		0
			0.0		0.0		1.0		0
			0		0		0		1
	endsegment

	// Segment
	segment proximal_thumb_rotation_0
		parent proximal_thumb_translation 
		RTinMatrix	1
		RT
			0.9777153844622172		-0.15730417879255562		0.1390252578501419		0
			0.17198506762903823		0.2204049497809817		-0.9601264472061366		0
			0.12039004734002674		0.9626406668359917		0.2425472800404562		0
			0		0		0		1
	endsegment

	// Segment
	segment proximal_thumb_rotation_1
		parent proximal_thumb_rotation_0 
		RTinMatrix	1
		RT
			0.8596493075863878		-0.26420992352840283		-0.43725985898017167		0
			0.49970861134357597		0.6128952473192433		0.6120871829752347		0
			0.10627498160582749		-0.7446828399544325		0.6589029489705459		0
			0		0		0		1
	endsegment

	// Segment
	segment proximal_thumb_mp_flexion
		parent proximal_thumb_rotation_1 
		RTinMatrix	1
		RT
			0.22981017809836485		0.8361005448265857		0.4981196251735968		0
			-0.9625658693189875		0.11968488280291495		0.24319226149414064		0
			0.14371579337212675		-0.535361006956184		0.8323066520017013		0
			0		0		0		1
		rotations z
		ranges
				-0.78539816339699997 0.69813170079800002
	endsegment


